1000;155;0;0
1000;152;0;0
1000;143;0;0
1000;152;0;0
1000;153;0;0
1000;144;0;0
1000;147;0;0
1000;151;0;0
1000;146;0;0
1000;142;0;0
1000;142;0;0
1000;141;0;0
1000;147;0;0
1000;143;0;0
1000;143;0;0
1000;146;0;0
1000;147;0;0
1000;141;0;0
1000;142;0;0
1000;138;0;0
1000;133;0;0
1000;138;0;0
1000;136;0;0
1000;135;0;0
1000;151;0;0
1000;152;0;0
1000;142;0;0
1000;141;0;0
1000;135;0;0
1000;144;0;0
101000;14412;12000;0
101000;13352;16000;0
101000;12365;12000;0
101000;11600;12000;0
101000;11918;12000;0
101000;15397;16000;0
101000;13554;12000;0
101000;11833;12000;0
101000;11058;8000;0
101000;10899;8000;0
101000;10016;12000;0
101000;9722;12000;0
101000;9337;12000;0
101000;8955;8000;0
101000;9399;12000;0
101000;9100;8000;0
101000;8998;8000;0
101000;8959;8000;0
101000;8906;8000;0
101000;8956;8000;0
101000;9280;12000;0
101000;9233;8000;0
101000;9243;8000;0
101000;10104;12000;0
101000;10087;12000;0
101000;9749;12000;0
101000;9395;12000;0
101000;9291;8000;0
101000;9046;8000;0
101000;8898;8000;0
201000;18128;16000;0
201000;19540;20000;0
201000;18784;16000;0
201000;18278;16000;0
201000;18797;20000;0
201000;19920;20000;0
201000;18387;16000;0
201000;18187;16000;0
201000;28602;28000;0
201000;29930;24000;4000
201000;31492;28000;0
201000;32325;32000;0
201000;28908;32000;0
201000;30077;24000;4000
201000;30496;32000;0
201000;32956;32000;0
201000;25205;24000;0
201000;28872;28000;4000
201000;28642;28000;0
201000;29982;28000;0
201000;29028;32000;0
201000;30582;32000;0
201000;29738;28000;0
201000;28154;28000;0
201000;28645;28000;0
201000;31359;32000;0
201000;29850;28000;0
201000;29112;32000;0
201000;30369;28000;0
201000;27977;28000;0
301000;40460;36000;4000
301000;39635;36000;4000
301000;37112;36000;0
301000;45882;44000;0
301000;39362;40000;0
301000;45050;48000;0
301000;40390;40000;0
301000;44529;40000;4000
301000;44749;44000;0
301000;39191;40000;0
1000;162;0;0
1000;154;0;0
1000;155;0;0
1000;149;0;0
1000;143;0;0
1000;145;0;0
1000;144;0;0
1000;143;0;0
1000;141;0;0
1000;136;0;0
1000;137;0;0
1000;152;0;0
1000;156;0;0
1000;140;0;0
1000;140;0;0
1000;143;0;0
1000;140;0;0
1000;142;0;0
1000;135;0;0
1000;138;0;0
1000;134;0;0
1000;144;0;0
1000;134;0;0
1000;144;0;0
1000;141;0;0
1000;135;0;0
1000;184;0;0
1000;143;0;0
1000;147;0;0
1000;139;0;0
101000;15471;16000;0
101000;12817;16000;0
101000;11884;12000;0
101000;16236;20000;0
101000;13262;16000;0
101000;11598;12000;0
101000;14054;12000;0
101000;14596;16000;0
101000;12931;16000;0
101000;16503;20000;0
101000;17190;16000;0
101000;15134;16000;0
101000;16593;16000;0
101000;13971;12000;0
101000;12578;12000;0
101000;11873;12000;0
101000;11067;12000;0
101000;11350;12000;0
101000;10695;12000;0
101000;15596;16000;0
101000;12828;16000;0
101000;11733;12000;0
101000;11528;12000;0
101000;11113;12000;0
101000;10293;8000;0
101000;15076;16000;0
101000;13811;12000;0
101000;13143;16000;0
101000;12077;12000;0
101000;15733;16000;0
201000;26013;28000;0
201000;21504;20000;0
201000;23482;24000;0
201000;29746;28000;0
201000;24736;24000;0
201000;21570;20000;0
201000;26980;24000;0
201000;29343;32000;0
201000;26804;24000;0
201000;30138;28000;0
201000;28849;32000;0
201000;28769;32000;0
201000;23036;24000;0
201000;29905;28000;0
201000;29300;28000;0
201000;28216;28000;0
201000;27997;28000;0
201000;29614;28000;0
201000;29659;28000;0
201000;23408;24000;0
201000;29758;28000;0
201000;27629;28000;0
201000;22908;24000;0
201000;30630;32000;0
201000;29963;28000;0
201000;28706;32000;0
201000;29815;28000;0
201000;30035;28000;0
201000;28623;28000;0
201000;28934;32000;0
301000;41718;44000;0
301000;39529;40000;0
301000;39233;36000;4000
301000;45401;48000;0
301000;40678;40000;0
301000;44752;44000;0
301000;40313;40000;0
301000;40563;40000;0
301000;40026;40000;0
301000;39579;40000;0
301000;38814;40000;0
301000;37156;36000;0
301000;40074;40000;0
301000;39235;36000;4000
301000;39387;40000;0
301000;38434;40000;0
301000;45044;48000;0
301000;44263;44000;0
301000;44618;44000;0
301000;43370;44000;0
301000;44426;44000;0
301000;40450;32000;8000
301000;40481;40000;0
301000;39244;40000;0
301000;39531;40000;0
301000;29493;28000;0
301000;27623;28000;0
301000;28106;28000;0
301000;43845;44000;0
301000;40600;40000;0
401000;49815;52000;0
401000;48474;48000;0
401000;55163;56000;0
401000;47573;48000;0
401000;56538;60000;0
401000;55876;56000;0
401000;50538;52000;0
401000;53008;52000;0
401000;53785;52000;0
401000;53999;52000;0
401000;53805;56000;0
401000;55630;56000;0
401000;38021;40000;0
401000;37511;40000;0
401000;71241;68000;4000
401000;55588;56000;0
401000;55462;56000;0
401000;55648;56000;0
401000;54307;52000;0
401000;55567;56000;0
401000;48365;48000;0
401000;42276;40000;0
401000;55357;56000;0
401000;50996;52000;0
401000;47199;48000;0
401000;50420;52000;0
401000;47030;48000;0
401000;55824;56000;0
401000;55826;56000;0
401000;55495;56000;0
501000;66113;64000;0
501000;56330;56000;0
501000;62176;60000;4000
501000;55171;56000;0
501000;63766;64000;0
501000;50406;52000;0
501000;61185;60000;0
501000;59704;60000;0
501000;65916;64000;0
501000;66995;68000;0
501000;66339;64000;0
501000;65976;68000;0
501000;61038;64000;0
501000;66267;68000;0
501000;65470;64000;0
501000;65656;64000;4000
501000;65718;68000;0
501000;66556;64000;0
501000;66682;64000;4000
501000;64172;64000;0
501000;57967;60000;0
501000;66457;68000;0
501000;56940;56000;0
501000;47398;48000;0
501000;62439;64000;0
501000;56726;52000;4000
501000;56455;56000;0
501000;67064;64000;0
501000;61264;60000;0
501000;57876;56000;0
601000;63779;64000;0
601000;66272;64000;0
601000;72887;72000;0
601000;74274;72000;4000
601000;73584;72000;4000
601000;75499;76000;0
601000;64128;64000;0
601000;64739;68000;0
601000;74278;76000;0
601000;57899;56000;4000
601000;70677;72000;0
601000;74421;72000;0
601000;74354;72000;0
601000;74271;72000;0
601000;57002;56000;0
601000;74093;72000;0
601000;74116;72000;0
601000;74679;76000;0
601000;74285;72000;0
601000;74540;72000;0
601000;74024;72000;0
601000;75808;72000;4000
601000;74835;72000;0
601000;72582;72000;0
601000;72372;72000;0
601000;68092;68000;0
601000;61962;64000;0
601000;75299;76000;0
601000;64214;64000;0
601000;74646;76000;0
701000;83454;84000;0
701000;83841;84000;0
701000;83863;84000;0
701000;82883;84000;0
701000;82808;84000;0
701000;82754;84000;0
701000;82330;84000;0
701000;79696;80000;0
701000;82679;84000;0
701000;82226;80000;4000
701000;81450;84000;0
701000;83630;84000;0
701000;82703;84000;0
701000;83858;84000;0
701000;80329;80000;0
701000;82833;84000;0
701000;82374;84000;0
701000;83052;84000;0
701000;82697;80000;4000
701000;83332;84000;0
701000;82889;80000;0
701000;81388;80000;0
701000;83015;84000;0
701000;82645;84000;0
701000;82929;84000;0
701000;83525;84000;0
701000;82978;76000;8000
701000;82417;84000;0
701000;80513;80000;0
701000;78984;80000;0
801000;90421;88000;0
801000;90374;88000;0
801000;87088;88000;0
801000;89207;88000;0
801000;90879;88000;0
801000;90836;88000;0
801000;87408;88000;0
801000;88789;88000;0
801000;91003;88000;0
801000;91605;92000;0
801000;90759;88000;0
801000;89606;88000;0
801000;79744;80000;0
801000;90371;84000;4000
801000;90307;88000;0
801000;86131;76000;8000
801000;90766;88000;0
801000;90910;92000;0
801000;78064;80000;0
801000;86013;84000;0
801000;89020;92000;0
801000;90897;88000;0
801000;78226;76000;0
801000;82195;80000;0
801000;88916;92000;0
801000;90117;88000;0
801000;90072;84000;4000
801000;91026;88000;0
801000;91033;92000;0
801000;90246;92000;0
901000;98390;96000;0
901000;93465;92000;0
901000;97847;96000;0
901000;96677;96000;0
901000;98278;96000;0
901000;91182;92000;0
901000;96325;96000;0
901000;97470;96000;0
901000;98054;100000;0
901000;98330;100000;0
901000;97578;96000;0
901000;97625;96000;0
901000;93187;92000;0
901000;94053;92000;4000
901000;95608;92000;4000
901000;98283;96000;0
901000;97782;96000;0
901000;98741;96000;0
901000;97965;96000;0
901000;87545;88000;0
901000;94554;92000;0
901000;97514;96000;0
901000;98796;96000;0
901000;98071;100000;0
901000;97014;96000;0
901000;97659;96000;0
901000;99140;100000;0
901000;98577;96000;0
901000;96732;92000;4000
901000;94342;92000;0
